[first.jpg]
filters=finetune2=1,0.298246,0.131930,0.087018,00000000,0.000000;unsharp2=1,1.508772;
moddate=0a1ec3f399bfd301
width=600
height=320
text=2;172;38;Having Problems To&#010;Find Accomodation? ;Adobe Song Std L;0.286614,0.195999,0.100000,6.283185;v1,4289583436,4278209450,128.000000,1.000000,0.500000,1.000000,400,258,49152;;145;11;WE got You!;Adobe Song Std L;0.371875,0.495761,0.083333,0.000000;v1,4289583436,4291684342,128.000000,1.000000,0.500000,1.000000,400,258,49152;;
textactive=1
[peoplelookingfor.jpeg]
filters=crop64=1,257013a075c2eb17;
crop=rect64(257013a075c2eb17)
moddate=36e59490a2c3d301
width=800
height=600
textactive=0
